90 126.4 55 148.18 66 153.63 30 153.89 40 167.07 85 217.5 83 229.67 24 237.34 56 271.17 70 452.57 45 536.69 41 556.62 78 618.42 82 619.62 10 675.63 94 740.23 65 822.77 95 887.44 49 978.79 43 1004.08 67 1007.27 74 1052.79 11 1055.29 79 1063.28 50 1075.0 53 1097.78 93 1179.22 22 1259.05 38 1263.27 31 1291.18 52 1293.58 34 1297.44 60 1305.89 9 1430.41 80 1520.21 46 1542.76 61 1562.23 37 1625.7 100 1661.36 69 1665.13 3 1734.71 12 1775.72 25 1995.18
31 123.97 82 124.81 48 128.95 86 176.39 61 189.12 60 247.54 32 262.31 57 292.34 73 294.67 26 344.51 27 354.94 90 376.75 75 423.51 70 430.13 15 463.67 77 465.49 47 469.69 99 497.82 13 504.47 21 528.52 18 554.5 65 615.54 67 641.88 36 694.26 96 727.78 54 731.11 24 735.18 56 858.14 29 882.68 58 892.72 68 893.07 39 937.17 63 1001.25 92 1108.43 34 1138.87 41 1184.25 19 1345.5 14 1367.81 83 1401.66 5 1447.81 23 1452.2 88 1459.44 93 1518.04 84 1654.69 87 1660.62 85 1769.05 79 1841.18 69 1996.4
40 172.24 20 209.54 80 231.29 83 410.24 96 425.69 39 444.27 30 479.21 32 482.49 85 582.13 86 583.02 88 621.88 66 659.8 91 732.32 11 785.18 51 798.29 22 878.12 34 883.43 58 937.76 8 945.05 81 946.28 12 966.93 59 972.1 68 1008.1 78 1024.13 71 1052.2 84 1076.47 29 1104.05 56 1219.91 9 1302.55 63 1316.94 28 1322.23 13 1340.16 43 1350.38 57 1385.88 10 1458.66 94 1464.56 76 1487.03 87 1509.75 74 1538.59 4 1567.0 26 1626.38 61 1703.78 70 1785.19 60 1803.07 23 1817.55 19 1831.03 35 1909.03
3 130.38 70 159.23 14 176.45 45 202.91 8 298.54 48 314.6 78 339.77 67 407.73 88 412.22 41 428.48 53 473.46 33 554.66 19 736.24 2 755.23 40 790.57 93 818.31 1 843.69 74 857.49 42 861.55 49 869.2 57 974.87 83 1008.03 39 1018.76 91 1030.19 84 1080.36 81 1101.9 75 1140.36 90 1146.74 95 1197.58 61 1226.43 79 1230.65 36 1255.67 10 1324.64 65 1353.34 52 1357.46 9 1359.93 96 1407.27 11 1415.73 46 1462.23 17 1495.2 72 1507.19 97 1560.91 66 1612.49 69 1647.77 25 1649.91 26 1654.24 99 1679.04 13 1687.29 35 1689.47 18 1741.92 50 1796.25 85 1837.15 34 1866.75 47 1964.65 7 1984.75
10 116.76 30 156.89 44 161.94 51 166.38 72 181.88 83 225.72 87 245.47 21 245.83 43 257.67 22 281.37 32 365.14 77 453.25 11 489.75 67 565.23 84 585.48 48 666.14 97 682.72 73 709.88 70 720.35 1 723.23 27 843.44 50 845.79 71 845.98 80 869.17 40 895.53 59 908.39 53 990.27 3 1009.2 76 1025.28 2 1052.25 100 1067.59 58 1075.37 65 1103.27 39 1124.89 68 1182.58 38 1233.4 45 1270.38 31 1286.32 94 1316.05 96 1351.12 17 1358.29 15 1437.93 18 1462.25 20 1469.54 33 1479.05 91 1580.52 93 1648.98 49 1687.54 6 1793.66 56 1795.18 78 1804.66 88 1830.21 42 1856.78 24 1882.05 36 1899.77 52 1939.44 13 1958.66 55 1964.16
95 165.51 26 181.17 89 223.84 77 372.62 47 381.0 69 434.69 72 442.67 86 504.81 84 566.26 40 602.9 36 604.7 63 692.03 43 693.97 61 710.21 18 715.73 32 780.55 33 823.62 90 848.48 20 870.92 24 885.61 79 943.65 93 1008.98 54 1010.29 34 1038.67 42 1103.08 87 1129.18 80 1131.85 4 1139.37 59 1148.43 45 1155.99 46 1158.69 67 1210.77 100 1236.61 9 1295.07 85 1318.98 66 1360.64 62 1468.63 88 1469.14 44 1470.92 30 1491.56 17 1543.47 16 1640.88 97 1723.58 94 1773.38 28 1793.44 98 1821.51 53 1861.0 35 1915.13 82 1917.57 5 1975.26 65 1993.08
90 122.91 86 166.88 26 200.36 66 201.97 23 213.84 22 334.53 93 402.73 77 404.08 94 404.14 24 431.01 21 459.66 40 465.28 32 467.06 87 472.13 70 508.27 82 515.93 19 548.16 34 609.53 91 610.65 28 753.88 15 761.35 16 855.73 98 859.25 99 910.67 58 913.2 47 959.34 51 1098.11 49 1107.13 41 1116.75 52 1125.8 18 1141.69 12 1148.91 78 1157.07 79 1168.43 30 1246.48 65 1361.64 61 1391.28 2 1412.57 14 1461.11 36 1477.98 50 1503.35 54 1511.37 55 1596.97 9 1642.15 33 1661.52 48 1708.55 59 1727.54 29 1814.67 81 1908.7 72 1943.71
54 108.76 45 128.26 96 142.75 36 173.28 46 262.81 73 373.47 43 394.49 83 406.0 12 445.96 75 467.25 59 498.08 61 619.01 44 671.57 37 692.41 22 746.46 81 764.78 93 788.61 88 802.65 79 809.07 35 826.29 100 903.76 99 930.16 62 942.5 19 946.48 14 962.66 95 1040.78 5 1079.36 11 1160.76 7 1179.25 23 1191.22 72 1262.64 90 1273.68 76 1323.24 38 1365.28 94 1391.32 53 1410.64 26 1454.39 47 1496.0 17 1568.62 50 1583.74 71 1596.3 20 1616.67 57 1663.14 58 1775.81 92 1804.2 18 1860.25 48 1861.11 2 1983.64 65 1998.52
72 102.92 32 116.52 75 172.29 81 184.12 26 191.89 79 261.69 30 331.03 84 335.39 41 373.68 50 405.66 61 436.26 29 470.73 78 511.93 80 528.95 95 541.17 53 564.81 24 567.36 94 580.4 96 592.99 49 598.82 90 646.05 52 724.17 97 783.98 55 796.23 25 846.94 59 858.13 92 878.94 71 883.74 7 908.11 85 915.15 2 920.96 93 1001.81 42 1016.96 4 1056.8 86 1081.68 73 1099.51 54 1107.7 62 1155.08 69 1254.91 48 1280.67 28 1284.75 10 1298.29 35 1326.76 64 1427.79 88 1482.83 33 1614.44 58 1653.2 74 1664.0 51 1758.53 100 1788.01 11 1805.24 76 1820.34 60 1830.46 23 1841.37 13 1897.08 20 1920.26
39 109.87 57 152.69 34 222.88 64 247.39 93 291.89 27 352.58 72 355.31 74 357.47 86 368.46 30 370.12 52 398.48 88 437.87 55 501.34 43 569.69 23 574.15 79 636.37 45 638.23 67 648.47 89 690.04 49 753.6 42 767.2 87 773.62 8 825.06 1 831.1 62 1073.43 96 1090.67 14 1131.05 78 1170.12 54 1222.02 15 1251.41 44 1258.81 41 1293.62 94 1311.64 92 1341.07 13 1351.47 38 1366.15 6 1382.39 35 1492.09 21 1518.69 90 1521.19 85 1535.03 7 1570.11 5 1696.67 19 1708.55 56 1737.09 83 1756.13 99 1773.68 22 1832.53 40 1840.77 16 1842.43 95 1938.39 73 1950.62 66 1974.51 75 1990.44
88 124.72 45 129.63 21 147.45 47 208.7 28 321.53 30 329.58 29 361.51 52 475.5 70 518.74 57 522.08 98 752.68 16 824.95 48 829.91 35 829.99 15 858.63 66 862.47 33 870.66 18 977.98 13 1021.25 73 1073.39 36 1081.67 92 1109.14 42 1154.83 32 1229.49 1 1238.94 40 1288.53 69 1306.18 74 1379.24 94 1390.96 90 1448.21 89 1527.67 81 1539.72 62 1585.19 17 1588.8 59 1602.26 83 1610.72 50 1639.03 95 1644.67 68 1658.35 78 1663.89 60 1713.55 71 1732.61 54 1754.41 39 1761.05 93 1796.12 75 1810.37
96 143.18 72 152.24 76 160.2 27 164.01 32 235.18 90 239.97 55 279.66 99 297.01 69 317.75 61 320.85 36 334.43 29 346.46 68 417.07 70 428.35 78 489.96 39 538.21 28 540.98 46 563.73 52 722.85 75 741.33 84 754.33 60 823.21 42 888.43 34 1029.81 44 1077.74 71 1084.3 85 1115.91 59 1143.02 9 1154.86 40 1167.41 86 1208.49 88 1221.66 48 1223.53 15 1223.6 41 1270.18 4 1314.72 91 1358.98 13 1421.99 20 1429.4 3 1505.96 77 1516.59 95 1539.77 35 1580.34 33 1607.95 57 1629.55 80 1654.11 51 1659.53 37 1704.03 16 1729.31 65 1830.53 43 1865.23 26 1888.34 56 1955.76 1 1972.42 62 1994.15
27 175.5 88 232.76 20 254.9 59 254.97 5 269.87 86 280.62 71 294.84 58 316.04 83 317.7 91 329.06 34 390.67 2 394.46 10 432.64 48 439.54 39 546.31 63 573.37 56 575.85 99 580.7 9 603.98 55 705.02 17 719.49 57 766.53 14 900.82 32 941.28 80 959.72 75 964.42 8 996.53 77 1012.94 87 1043.95 67 1079.77 73 1087.17 78 1112.76 37 1124.87 18 1131.69 74 1143.66 21 1146.14 66 1153.16 47 1208.98 24 1209.75 90 1277.56 41 1382.32 64 1451.98 40 1457.92 6 1480.06 50 1486.86 16 1521.38 35 1553.55 65 1591.34 81 1629.12 79 1641.58 54 1737.55 29 1739.9 70 1783.71 52 1873.76 4 1899.97 36 1969.56
95 172.25 2 187.56 86 208.38 65 225.49 11 263.6 76 305.12 30 307.11 38 310.36 90 360.73 46 461.34 77 471.17 96 473.15 92 479.49 40 587.34 50 695.2 87 761.28 19 806.6 53 829.88 82 937.19 17 971.75 52 990.38 23 1123.46 42 1126.71 24 1145.32 94 1146.78 5 1150.64 62 1160.38 32 1163.2 39 1163.94 37 1187.91 7 1194.53 75 1199.31 97 1216.2 54 1261.37 45 1263.27 73 1310.84 12 1325.94 43 1364.67 56 1380.48 35 1410.09 28 1438.6 72 1465.09 36 1474.83 100 1509.77 81 1553.63 44 1595.29 68 1605.06 61 1616.22 63 1663.95 66 1695.83 10 1735.02 51 1831.66 67 1833.9 74 1898.07 29 1902.96 16 1992.98
11 197.48 70 253.48 56 298.13 48 344.41 35 354.65 28 389.29 66 401.35 76 442.36 38 465.34 19 470.35 91 486.67 83 514.45 96 540.41 92 584.81 79 606.31 95 614.82 90 624.54 47 634.97 59 674.05 31 726.26 13 737.63 2 743.86 86 768.68 27 794.67 78 809.33 87 821.61 97 919.46 23 952.09 68 957.07 39 1033.01 37 1037.79 9 1038.09 57 1041.12 61 1167.69 72 1240.46 58 1246.46 26 1259.03 94 1267.7 84 1324.89 100 1394.7 25 1424.29 81 1459.59 30 1486.27 74 1568.77 43 1633.64 88 1700.39 32 1733.21 53 1750.6 73 1763.45 1 1779.16 46 1914.88 4 1924.49 29 1928.19 40 1973.4
38 119.54 77 137.99 93 163.44 29 273.26 1 328.99 79 334.49 30 371.04 17 408.04 40 557.82 44 566.21 28 566.63 9 688.52 75 729.68 84 730.6 67 778.08 72 801.78 55 826.21 43 869.64 23 987.66 13 1029.23 83 1072.11 71 1132.65 6 1134.41 81 1143.72 52 1144.67 78 1184.26 51 1202.11 46 1223.32 95 1226.93 90 1229.51 24 1230.49 64 1233.53 62 1338.5 12 1345.16 98 1380.01 99 1380.8 97 1457.29 53 1459.67 26 1472.8 59 1518.18 87 1561.22 35 1564.65 36 1568.55 15 1570.28 89 1575.71 61 1583.37 33 1601.99 20 1696.77 8 1713.66 68 1737.17 34 1794.28 3 1829.91 60 1898.74 42 1914.56 11 1918.24 4 1947.53 65 1948.15 31 1978.19
69 209.58 82 220.98 86 258.93 40 332.61 100 363.36 34 365.16 88 394.64 12 429.42 46 458.17 39 468.06 42 516.05 9 548.76 84 606.2 23 620.16 41 677.26 96 678.21 24 710.9 18 721.84 19 764.64 98 801.76 13 841.47 2 881.91 92 890.27 26 1031.28 31 1050.96 65 1151.11 36 1163.67 37 1187.7 22 1210.62 5 1306.78 14 1307.25 61 1318.35 38 1347.24 11 1371.99 15 1399.41 73 1490.76 74 1543.24 28 1553.89 94 1557.17 83 1589.47 71 1652.81 67 1666.16 8 1683.82 78 1743.56 4 1794.8 53 1839.32 16 1952.29
32 109.71 39 170.59 51 202.3 38 234.63 99 281.31 69 310.79 30 337.27 1 337.55 97 358.66 92 403.27 29 451.75 57 484.07 90 493.14 2 589.75 83 613.15 7 639.16 84 791.08 35 798.8 25 806.73 91 811.92 45 842.89 46 855.73 86 879.76 43 919.98 59 928.29 50 993.98 48 1003.42 24 1079.09 74 1115.14 37 1176.56 67 1176.79 34 1216.0 23 1244.17 58 1259.19 47 1263.57 21 1299.52 15 1330.43 52 1372.72 40 1446.88 27 1449.83 6 1461.02 100 1518.28 95 1540.14 42 1579.82 76 1595.22 77 1625.63 20 1637.1 87 1638.91 89 1655.03 75 1752.73 79 1790.01 14 1882.54 5 1894.67 17 1896.48 70 1940.71 94 1953.88 60 1992.06
33 114.23 94 144.56 58 197.06 87 220.63 21 257.31 90 277.5 6 368.05 34 375.65 8 403.4 28 415.53 69 423.86 88 443.64 75 510.05 43 562.58 5 569.36 95 611.58 73 721.26 93 726.88 81 744.29 27 792.2 56 813.64 23 829.56 68 913.97 20 947.86 29 950.97 82 956.4 7 1030.09 76 1054.06 48 1101.84 64 1153.89 12 1186.4 78 1221.02 97 1230.16 62 1244.48 11 1246.31 99 1307.19 47 1345.96 77 1412.67 37 1454.59 51 1475.21 71 1542.95 17 1591.26 53 1597.41 96 1619.55 46 1625.26 83 1628.26 44 1635.88 100 1660.15 41 1760.97 98 1819.56 91 1856.97 4 1891.62 45 1908.71 35 1946.17 1 1967.96 86 1996.03
98 132.59 99 133.39 92 198.99 30 213.63 34 229.26 88 243.42 44 277.13 8 368.7 2 411.28 83 463.04 13 487.24 91 501.02 6 508.46 59 523.53 4 536.9 47 537.85 15 538.65 90 570.69 69 639.97 56 657.4 45 665.44 74 727.73 50 735.31 31 737.94 100 741.09 84 759.11 17 762.54 27 781.32 21 882.53 61 1034.9 62 1043.68 97 1069.14 81 1077.7 51 1228.77 14 1247.56 11 1265.21 54 1270.59 63 1440.31 72 1442.35 70 1459.56 5 1531.41 16 1564.29 40 1568.12 66 1577.57 38 1634.01 77 1639.73 57 1673.23 96 1736.87 41 1787.92 79 1841.23 71 1909.3 37 1926.09 29 1939.65 87 1957.86 78 1962.39 42 1987.82 33 1987.97
42 151.21 16 193.37 73 263.23 75 327.49 4 342.27 93 367.78 20 397.68 55 416.61 2 477.27 12 504.08 76 557.68 79 586.67 71 636.02 69 685.42 80 690.38 33 695.64 86 724.1 64 724.57 10 783.25 78 834.16 19 872.85 39 906.55 32 909.24 68 920.23 15 1004.32 26 1030.21 48 1068.13 31 1084.33 8 1106.09 97 1114.48 49 1148.86 30 1246.37 51 1320.53 53 1362.36 92 1369.78 14 1381.23 98 1394.61 7 1484.08 46 1526.51 50 1594.89 43 1681.66 88 1722.8 9 1733.63 100 1940.6 56 1998.96
47 111.38 82 112.46 39 129.49 73 191.15 95 196.16 90 199.25 14 206.69 65 252.77 23 332.45 25 338.29 62 341.71 13 381.46 8 505.58 77 566.24 43 576.42 97 576.9 34 591.61 17 712.35 31 755.41 74 765.7 57 797.3 85 819.33 64 845.82 71 867.8 72 888.74 56 908.39 98 913.21 51 942.14 19 958.65 93 972.43 3 1068.42 6 1075.53 15 1089.07 49 1115.33 28 1135.93 94 1152.27 36 1226.99 46 1245.91 81 1342.21 21 1379.34 83 1505.88 86 1517.72 89 1620.5 80 1816.15 60 1820.87 30 1854.16 53 1865.68 68 1899.89 4 1976.12
59 110.87 93 138.48 8 140.76 65 197.5 34 202.89 58 321.62 95 449.99 15 470.97 31 510.07 61 537.3 43 661.74 12 867.78 14 893.18 6 929.36 79 948.35 83 1082.82 72 1117.62 26 1253.81 44 1254.91 5 1298.57 77 1320.87 7 1383.75 67 1408.34 78 1433.75 9 1475.31 19 1488.63 68 1490.31 69 1498.45 92 1520.87 1 1599.56 71 1645.49 42 1689.61 10 1740.68 27 1747.45 39 1779.3 16 1808.85 35 1812.59 87 1875.69 17 1891.87 60 1971.74 62 1973.79
5 131.66 27 140.89 72 167.13 97 176.39 26 223.01 88 227.21 28 287.03 4 321.03 41 349.02 51 393.02 33 657.8 82 723.24 35 732.06 81 754.71 9 784.61 54 809.03 84 879.99 94 901.69 32 976.83 1 1035.86 45 1048.17 56 1072.32 18 1098.44 65 1106.22 21 1127.33 46 1131.27 75 1167.78 47 1329.48 95 1402.82 34 1426.23 70 1456.34 83 1457.54 66 1549.09 22 1572.13 55 1693.96 10 1702.86 38 1718.57 36 1720.83 89 1722.8 67 1776.06 40 1800.53 29 1811.27 11 1883.72
9 110.46 10 151.41 58 176.07 53 213.84 67 218.24 47 270.56 100 310.45 46 330.83 90 440.51 55 468.87 84 538.95 73 540.9 68 545.81 4 595.96 92 672.17 83 725.87 29 773.15 34 781.2 28 781.65 45 839.02 38 845.62 2 868.48 69 898.16 96 907.73 6 916.88 82 917.06 13 1086.4 37 1094.97 65 1116.66 87 1145.88 17 1208.78 15 1235.77 18 1306.75 71 1329.53 95 1329.95 70 1383.38 12 1440.77 3 1526.51 61 1574.12 51 1584.52 97 1623.73 26 1746.93 19 1813.1 85 1923.7 66 1933.21 78 1943.92 31 1998.62
36 125.75 39 156.73 98 168.43 29 199.67 20 205.08 90 216.5 37 224.19 100 232.92 65 295.62 7 365.65 25 422.74 33 426.05 21 443.15 27 562.93 9 575.07 32 584.26 72 630.37 45 652.66 74 661.06 66 666.9 95 690.46 55 763.02 80 779.96 63 785.17 18 806.43 40 918.83 52 963.12 51 976.26 43 1079.13 61 1090.39 3 1118.9 91 1172.59 87 1231.4 97 1234.89 96 1237.63 86 1241.12 14 1262.43 23 1293.64 62 1331.45 12 1361.83 99 1366.07 31 1390.39 79 1400.51 38 1402.14 58 1418.6 75 1429.86 60 1498.75 30 1571.19 77 1583.02 1 1603.41 69 1604.55 88 1624.87 34 1644.06 64 1684.98 93 1739.13 5 1873.99 83 1967.49 8 1969.81 56 1974.99
58 134.56 74 139.23 35 145.54 7 163.36 33 195.7 82 277.65 28 285.99 62 333.23 20 343.64 38 368.66 75 383.65 54 386.82 31 393.98 41 453.23 88 568.97 94 636.31 71 717.39 5 740.68 68 773.75 61 922.07 98 933.49 29 1071.88 80 1072.3 91 1105.72 99 1154.52 6 1163.59 86 1223.11 36 1265.03 4 1279.76 92 1329.77 32 1343.7 84 1455.59 10 1459.58 93 1480.63 65 1561.59 77 1566.75 46 1567.53 67 1577.9 25 1583.1 21 1638.43 47 1651.1 79 1669.44 9 1937.85 69 1976.89 40 1988.27 11 1996.52
95 110.39 90 143.34 82 175.94 36 194.03 59 233.14 88 262.09 65 271.27 62 316.04 91 324.62 20 470.78 71 528.05 79 559.0 72 617.84 21 624.79 34 669.81 50 711.5 26 746.61 40 759.13 92 797.85 74 807.95 33 818.16 52 831.93 4 917.32 42 972.84 15 1024.84 25 1037.24 8 1166.53 29 1292.37 84 1301.9 23 1403.76 68 1450.77 93 1463.82 13 1512.9 41 1542.41 78 1595.03 37 1647.47 9 1694.02 39 1741.24 7 1751.14 80 1764.76 89 1783.87 12 1790.24 5 1846.96 32 1941.41 31 1985.99 76 1994.9
27 117.68 36 129.48 90 241.41 46 315.75 67 355.54 50 358.45 68 395.23 76 407.18 13 411.22 19 504.6 11 530.95 58 545.97 61 549.56 21 608.69 73 617.25 88 617.83 32 637.04 28 743.03 51 845.72 7 899.72 12 921.87 15 925.16 55 955.71 75 1024.37 100 1054.65 83 1073.12 79 1106.78 37 1190.84 17 1215.44 52 1269.96 54 1303.55 14 1331.94 94 1377.81 9 1408.83 49 1453.62 82 1462.81 40 1466.72 10 1496.63 98 1508.9 89 1545.53 2 1547.3 63 1601.48 38 1615.34 57 1619.19 86 1662.95 74 1729.56 95 1735.64 20 1737.68 65 1795.34 22 1812.87 62 1827.62 72 1875.63 4 1896.95 80 1928.15
24 100.61 83 192.46 97 289.55 3 315.84 4 380.88 25 410.45 95 423.79 2 427.86 54 533.76 42 555.83 56 592.67 77 703.75 75 725.33 84 791.32 73 863.96 55 931.73 34 982.58 23 1010.31 65 1041.15 37 1207.73 78 1262.07 39 1266.94 13 1287.48 14 1288.33 17 1290.53 41 1305.41 32 1352.95 51 1373.8 38 1520.27 22 1521.59 16 1614.21 18 1668.43 19 1749.25 62 1755.79 15 1803.32 7 1805.34 94 1830.14 59 1860.59 99 1912.29 8 1912.36 21 1913.42 89 1980.95
69 170.65 90 176.8 25 184.79 12 485.11 46 526.69 49 533.09 88 608.74 38 625.41 17 632.22 3 637.44 8 645.69 10 731.14 71 760.28 27 777.09 13 803.84 52 805.7 22 814.97 63 848.67 19 850.83 35 865.73 85 882.9 53 884.33 58 965.88 6 983.29 59 1006.06 34 1013.13 91 1125.15 43 1149.05 73 1231.73 94 1288.35 47 1372.41 70 1388.25 1 1418.47 60 1428.55 74 1476.05 44 1486.67 100 1491.75 39 1492.49 2 1512.54 96 1519.43 78 1581.77 66 1613.1 45 1671.56 62 1694.94 28 1705.45 48 1740.87 57 1744.98 40 1767.6 9 1790.29 86 1804.01 14 1897.04 21 1947.96
35 141.12 13 173.42 90 213.6 88 232.35 98 326.99 19 379.68 23 385.91 63 419.77 64 487.94 48 491.86 96 504.73 92 541.91 16 558.01 14 583.28 77 604.61 29 645.88 17 715.06 97 747.29 45 783.56 34 818.61 53 868.94 12 889.44 41 894.47 91 931.03 46 943.06 49 958.3 95 966.05 82 991.49 100 1001.16 74 1022.53 65 1064.37 43 1151.0 80 1173.16 31 1183.4 33 1185.89 42 1203.35 55 1311.89 59 1322.58 8 1371.86 94 1474.19 38 1516.53 69 1535.13 72 1539.44 2 1563.37 24 1586.19 21 1591.69 99 1611.38 75 1704.23 81 1719.65 71 1726.22 54 1765.99 39 1767.42 47 1827.44 60 1831.73 27 1837.02 15 1856.95 78 1875.23 87 1900.48
12 122.75 23 277.64 59 356.47 6 405.28 36 427.25 10 455.04 91 475.59 72 498.91 55 521.02 28 571.81 96 629.79 69 652.25 18 692.87 3 753.06 67 760.14 78 858.73 82 866.14 75 905.67 61 941.5 98 955.1 21 959.58 73 1161.98 31 1180.99 70 1197.07 81 1232.34 64 1300.04 84 1311.31 53 1319.04 4 1377.2 20 1390.28 24 1406.33 63 1472.45 30 1534.11 15 1564.16 71 1587.84 46 1630.09 87 1741.88 25 1879.25 26 1901.72 94 1924.97
6 156.79 25 163.05 49 196.98 61 229.12 81 230.33 60 307.29 54 323.12 16 324.11 95 357.54 93 373.94 62 379.56 23 389.1 32 425.66 1 453.45 35 461.59 10 525.48 39 541.48 73 549.69 70 571.14 26 613.8 68 658.0 57 662.47 84 722.53 52 735.28 38 796.32 80 839.05 89 847.58 66 854.68 90 939.14 100 943.41 30 950.53 2 956.57 69 962.31 65 1072.83 79 1141.01 31 1148.34 18 1157.41 22 1159.76 94 1224.92 42 1310.77 56 1330.55 48 1359.82 59 1367.09 27 1416.65 13 1496.47 14 1544.88 9 1561.31 92 1569.32 3 1587.63 28 1612.48 72 1620.76 12 1642.89 78 1697.38 37 1697.89 77 1722.12 55 1724.94 97 1756.28 46 1777.75 63 1871.8
55 163.97 66 286.67 77 363.25 76 495.79 72 505.38 32 571.11 23 591.97 68 624.33 97 716.43 12 736.78 10 779.04 14 816.18 18 819.55 17 824.39 40 827.27 7 870.06 39 894.29 98 895.0 41 910.91 61 1019.36 93 1103.73 96 1116.72 83 1116.92 53 1118.27 65 1227.42 8 1262.11 60 1276.89 73 1290.01 79 1328.3 43 1371.19 21 1398.4 63 1401.17 9 1436.69 28 1504.37 85 1506.19 20 1511.31 22 1516.26 6 1517.57 11 1519.15 4 1552.34 94 1574.64 3 1585.9 71 1595.24 47 1642.8 1 1710.76 19 1831.25 74 1839.02 29 1870.07 27 1932.79 30 1963.03 90 1966.0 64 1984.31
76 123.66 87 178.09 59 183.74 52 256.33 90 339.45 38 364.92 72 367.11 70 405.4 61 423.2 22 440.29 93 461.2 9 468.6 88 497.97 55 625.15 99 654.34 7 836.52 58 840.13 42 883.61 56 916.13 83 946.16 6 1010.61 91 1017.87 24 1073.04 33 1086.53 73 1130.8 29 1170.19 60 1175.33 3 1195.15 100 1325.39 71 1346.29 45 1347.71 18 1411.32 30 1414.87 95 1526.89 92 1537.18 12 1585.13 75 1586.18 49 1590.31 63 1619.11 28 1649.37 8 1661.1 62 1724.64 98 1739.49 34 1768.0 50 1855.85 46 1868.82 23 1913.23 1 1945.66 57 1948.84 81 1997.42
34 132.71 70 169.55 42 189.31 75 198.73 83 240.98 25 285.24 29 287.21 30 344.75 86 374.91 81 469.3 6 495.54 24 568.75 59 570.1 85 710.33 92 836.63 1 853.76 38 892.4 16 899.99 89 935.3 31 946.16 21 971.95 63 1075.73 26 1093.32 68 1110.37 99 1110.54 73 1161.93 78 1288.74 4 1310.27 7 1347.77 35 1368.68 17 1370.63 14 1381.7 28 1434.63 51 1466.34 46 1472.53 82 1490.9 96 1494.59 62 1506.7 33 1516.11 77 1553.13 22 1573.37 84 1604.55 61 1638.98 43 1640.4 69 1667.86 64 1679.8 32 1682.52 20 1685.16 53 1722.78 67 1725.52 79 1783.17 12 1843.04 56 1853.18 55 1892.2 95 1931.08 44 1993.23 100 1994.95
31 159.9 5 174.04 60 202.46 42 261.69 54 378.28 63 393.21 39 461.64 87 510.92 89 557.96 61 562.07 2 600.31 9 633.33 58 657.07 22 672.91 53 697.73 74 750.79 98 779.01 65 822.21 48 825.26 78 863.96 51 900.35 85 908.02 96 971.95 24 1047.62 44 1170.59 76 1216.84 62 1241.42 91 1299.96 59 1404.72 37 1410.72 99 1460.76 20 1469.23 28 1489.6 19 1518.65 43 1553.02 21 1556.91 95 1558.09 83 1570.23 57 1637.31 64 1641.47 90 1644.38 66 1663.3 45 1707.04 86 1738.39 75 1836.81 80 1841.93 68 1864.65 77 1871.35 35 1907.37 93 1923.26 79 1929.51 6 1982.37
16 190.24 8 235.15 42 265.76 15 279.7 83 280.88 65 282.58 62 308.03 21 369.51 64 405.44 29 428.63 30 456.75 7 499.84 60 560.77 13 680.22 6 685.62 80 698.76 85 718.74 68 723.81 91 727.99 82 806.87 93 853.65 4 854.86 47 887.93 32 904.34 61 944.05 89 960.4 43 963.07 27 1033.94 40 1089.28 81 1099.45 20 1236.66 33 1254.01 71 1284.89 59 1310.52 94 1318.92 28 1331.76 73 1360.85 79 1382.44 100 1426.88 12 1429.79 34 1431.73 1 1503.25 24 1511.35 17 1529.35 88 1618.58 98 1625.2 90 1635.91 41 1677.06 87 1714.81 54 1811.35 9 1826.9 26 1844.68 76 1852.21 67 1876.02 38 1937.22 72 1939.98 14 1955.95 37 1957.96 23 1996.09
24 113.52 56 127.52 87 159.1 18 218.0 64 222.48 21 227.24 13 270.45 32 336.61 58 356.05 97 359.94 75 419.2 5 467.05 11 477.2 22 483.47 6 485.16 78 494.54 9 509.96 51 512.69 85 573.52 82 594.3 29 605.44 26 628.62 28 695.49 90 702.7 31 709.18 63 813.59 60 816.44 36 830.22 23 934.25 38 976.84 79 993.12 54 1143.36 7 1185.05 96 1196.72 30 1226.83 70 1312.09 4 1420.09 53 1465.3 88 1517.77 89 1534.8 33 1544.95 1 1570.65 19 1583.36 37 1681.39 74 1708.83 99 1768.25 35 1773.36 66 1827.88 72 1839.21 80 1860.21 49 1908.34 73 1987.61 52 1990.95 3 1993.48
45 136.27 84 186.65 28 204.66 76 277.97 6 280.73 40 294.18 82 295.16 80 295.87 30 333.33 46 351.28 85 363.0 64 377.2 54 380.64 52 395.71 13 439.17 12 443.11 15 542.53 4 581.26 32 613.44 9 636.89 83 689.02 99 748.72 11 780.94 59 799.21 62 806.01 36 835.16 51 866.88 78 923.22 71 924.32 92 982.9 61 1009.94 22 1028.51 73 1091.37 87 1103.33 14 1128.03 69 1166.8 67 1186.7 27 1220.65 20 1347.12 25 1429.54 1 1447.68 98 1448.19 96 1455.05 44 1461.35 10 1487.87 53 1491.96 38 1528.27 89 1532.74 93 1757.49 49 1762.67 58 1768.05 21 1769.54 42 1795.08 100 1826.49 63 1845.12 26 1911.5 95 1929.6 56 1963.87 77 1994.2
27 109.57 64 137.25 46 259.44 15 268.47 62 308.37 44 320.66 87 468.87 39 480.8 81 552.59 65 606.49 51 628.44 30 640.42 11 665.81 50 681.34 95 682.6 41 698.69 92 717.63 31 787.53 84 789.86 94 846.02 2 914.25 85 968.4 67 1012.76 25 1032.54 5 1090.79 70 1101.8 79 1186.78 9 1201.65 45 1258.85 40 1265.58 69 1265.77 8 1272.19 48 1287.43 21 1308.13 82 1441.81 59 1511.55 61 1526.29 78 1549.47 47 1566.4 16 1578.04 80 1705.16 71 1729.07 12 1729.76 6 1754.89 24 1769.53 75 1861.52 58 1861.82 72 1873.19 98 1889.66 13 1924.19 26 1937.71 89 1947.03
14 134.53 98 165.8 97 167.49 27 258.87 15 309.61 42 331.45 38 336.6 8 365.9 46 379.48 95 408.9 49 489.66 18 498.99 79 506.13 11 520.05 30 526.05 5 527.28 66 580.85 86 720.61 54 759.72 84 773.14 55 805.74 85 843.09 17 912.98 37 923.88 39 936.87 52 946.87 76 956.79 91 987.9 82 1040.57 31 1044.09 83 1075.37 90 1092.46 50 1139.46 1 1185.58 13 1196.5 71 1257.89 62 1260.69 81 1297.93 61 1404.67 69 1407.64 22 1429.77 7 1481.34 88 1502.65 45 1551.74 4 1570.3 99 1581.47 53 1593.88 93 1597.63 10 1665.44 26 1672.29 16 1691.51 33 1728.16 63 1743.11 78 1744.59 35 1787.85 70 1824.77 68 1826.97 6 1845.59 28 1853.74 64 1986.0
47 108.87 62 157.7 17 249.68 71 279.93 51 315.42 81 398.94 99 500.18 98 553.15 67 570.45 76 591.14 84 606.57 57 627.95 65 640.39 24 656.85 53 690.76 28 730.21 9 799.32 11 854.94 33 888.58 52 982.65 15 1035.26 64 1131.64 35 1139.56 61 1160.16 66 1180.44 3 1180.74 96 1193.11 48 1228.34 59 1239.62 92 1309.92 93 1342.62 46 1381.15 100 1405.85 31 1426.96 41 1449.4 14 1453.5 13 1493.48 43 1721.81 7 1780.25 83 1785.52 95 1796.32 5 1820.24 50 1836.16 22 1900.54 20 1982.46
16 122.54 46 136.77 76 179.91 88 211.99 94 297.2 50 334.55 52 363.83 40 549.9 70 561.58 22 617.83 51 635.09 31 664.2 92 735.18 71 771.79 43 773.99 11 796.22 97 841.01 12 860.55 8 914.61 34 930.0 80 935.33 13 945.75 14 947.3 2 951.41 78 957.47 95 998.83 68 1058.24 67 1101.39 60 1115.03 28 1123.11 62 1126.6 4 1127.67 10 1128.87 6 1188.12 59 1225.4 55 1264.05 85 1384.63 63 1400.38 7 1420.7 23 1456.02 9 1490.78 53 1510.46 24 1631.13 41 1635.29 42 1651.27 64 1772.72 5 1776.54 15 1794.4 69 1836.21 47 1837.1 38 1842.12 100 1877.4 77 1907.71 54 1948.76 48 1977.1 32 1990.01 96 1992.26
59 116.16 99 177.9 17 257.92 76 276.09 25 329.18 29 372.94 63 452.07 82 507.51 28 523.28 77 534.68 66 575.84 86 577.57 34 642.95 13 643.83 5 653.54 56 735.26 89 748.55 62 780.63 67 782.95 70 787.76 2 858.82 6 886.38 33 958.43 21 979.81 98 1161.41 7 1180.61 31 1280.93 53 1285.14 58 1307.82 45 1313.5 85 1350.65 93 1375.37 51 1416.42 47 1443.74 97 1448.69 91 1508.24 30 1533.63 57 1661.21 49 1787.89 61 1802.73 80 1856.0 90 1904.4 19 1944.77 32 1949.92 74 1965.84 41 1980.23 39 1995.88
3 153.65 87 158.56 26 168.41 65 206.18 2 245.48 96 328.64 82 331.58 92 387.28 19 412.08 77 432.89 93 455.09 79 538.32 63 559.03 97 569.4 8 591.39 21 630.4 27 655.95 30 668.95 76 757.59 83 804.79 91 886.78 74 1012.74 61 1036.89 49 1068.8 41 1076.78 34 1084.99 71 1088.87 53 1102.79 38 1119.52 90 1148.24 39 1186.36 9 1263.46 85 1311.18 18 1406.34 24 1408.68 5 1438.38 4 1529.85 22 1548.68 56 1638.44 54 1731.15 33 1754.61 23 1770.26 60 1783.11 67 1920.06 10 1948.59 35 1975.38 86 1993.3
17 141.43 25 304.32 68 355.44 31 364.01 54 368.1 76 430.45 40 437.51 38 442.81 58 510.89 49 559.33 77 603.05 93 640.8 15 641.62 30 657.74 84 688.2 52 700.62 73 726.91 9 802.09 88 826.56 55 912.3 36 932.52 5 940.83 42 972.2 65 979.1 71 991.18 70 1026.93 89 1103.55 16 1108.63 23 1169.52 50 1173.18 4 1186.92 41 1198.12 60 1205.72 98 1237.87 19 1295.15 62 1319.04 94 1329.86 81 1341.88 64 1405.65 72 1427.93 7 1504.41 51 1527.22 27 1534.99 59 1601.31 11 1641.24 92 1655.7 32 1669.74 13 1818.89 46 1821.42 37 1841.39 85 1901.01 66 1910.46 2 1934.38 28 1979.21 91 1986.66 95 1992.48
83 128.28 75 174.68 45 236.69 14 344.98 58 348.42 54 350.75 92 362.34 89 392.01 59 436.57 31 538.59 22 593.52 9 611.44 38 618.22 64 627.74 95 644.41 26 706.25 74 721.3 24 742.45 94 752.6 67 754.7 29 784.54 61 825.28 18 829.08 20 849.0 6 849.8 98 857.51 19 865.13 44 907.08 68 915.41 17 918.08 7 960.24 10 1020.92 16 1023.43 86 1065.04 57 1099.27 47 1111.34 32 1134.86 40 1138.47 76 1145.07 41 1160.29 73 1168.4 60 1169.08 2 1251.28 25 1266.5 11 1279.62 34 1474.88 79 1630.58 93 1689.19 77 1702.59 87 1746.29 13 1758.41 50 1788.85 4 1805.48 48 1897.17 65 1899.23 56 1937.32 55 1962.86 46 1981.52
48 102.93 19 120.24 51 233.83 49 273.98 22 303.02 13 305.78 70 338.5 91 369.09 99 381.87 60 421.51 93 445.73 3 469.2 85 480.31 80 564.51 65 578.18 21 580.89 35 621.16 30 664.99 83 761.09 8 796.34 20 844.23 79 854.72 33 889.44 24 925.93 28 1001.26 64 1018.17 77 1035.61 55 1102.21 39 1110.79 9 1187.09 73 1211.37 44 1225.88 15 1289.24 11 1347.34 75 1393.87 27 1477.2 82 1535.04 58 1607.09 41 1648.99 12 1672.08 42 1740.62 95 1747.65 59 1834.94 56 1880.1 67 1910.85 52 1915.55 90 1963.57 17 1997.72
64 189.7 54 282.15 16 359.26 70 397.26 52 477.85 50 479.84 12 486.11 5 527.6 42 542.2 66 571.03 43 574.99 93 659.28 75 660.18 28 674.07 69 723.3 30 770.22 89 821.25 34 835.77 65 871.09 90 871.53 13 889.3 2 893.26 47 917.79 86 1001.81 87 1037.92 10 1071.65 29 1111.29 23 1114.46 14 1119.67 24 1295.43 80 1459.85 58 1532.28 1 1532.76 99 1572.02 45 1625.6 55 1672.97 7 1690.16 63 1744.4 8 1840.45 17 1940.76 79 1993.32
42 131.83 65 137.93 38 146.01 49 169.0 39 235.93 28 254.41 14 256.9 53 456.37 26 458.84 8 484.95 19 503.79 95 508.92 78 533.47 58 557.29 30 562.75 45 578.93 20 579.81 74 624.95 33 698.43 64 703.59 1 708.82 7 731.35 67 852.25 6 897.1 47 897.77 86 914.76 76 939.89 89 988.59 17 1006.66 97 1013.49 100 1075.27 63 1185.51 5 1253.54 51 1265.49 73 1291.53 13 1345.43 55 1394.87 21 1400.62 57 1452.62 54 1458.2 24 1532.65 59 1541.09 36 1587.11 62 1600.4 18 1601.82 44 1641.37 4 1677.55 27 1728.0 96 1764.94 99 1790.11 46 1849.07 25 1862.51 16 1941.26
78 107.14 86 188.96 93 199.21 88 205.94 85 217.87 95 248.25 60 307.08 11 320.2 43 374.23 84 379.73 10 408.39 100 426.53 44 474.68 52 475.41 69 519.31 71 523.43 41 526.67 7 563.48 29 615.81 59 651.01 23 664.05 64 679.49 45 783.52 33 828.96 68 866.84 79 870.76 58 899.04 55 905.32 2 946.65 91 1030.27 6 1051.0 20 1105.62 35 1108.14 54 1154.52 46 1179.04 87 1192.95 12 1196.11 65 1246.4 66 1266.5 17 1271.7 82 1459.68 4 1475.17 26 1507.43 49 1520.63 36 1529.75 27 1534.05 81 1536.49 16 1550.09 24 1619.19 89 1744.45 63 1775.42 96 1782.1 50 1850.27 76 1856.9 32 1916.62 28 1929.91 61 1990.72
40 119.6 81 134.04 61 139.31 37 243.05 82 283.33 20 334.96 19 434.07 77 492.1 32 603.61 57 620.18 3 649.19 43 698.46 79 707.76 30 712.54 53 754.94 76 764.08 31 808.3 67 874.49 95 917.0 98 963.07 12 973.19 35 995.86 55 996.96 17 1001.36 11 1020.37 59 1027.79 86 1050.1 70 1081.52 64 1088.56 7 1180.83 24 1181.11 85 1200.81 39 1259.1 42 1272.71 87 1277.62 62 1360.83 6 1481.09 5 1485.44 88 1522.49 58 1593.2 63 1675.09 16 1768.49 94 1772.49 9 1822.27 100 1928.95 89 1990.96
95 165.77 52 202.96 81 240.49 27 388.01 9 439.95 24 466.05 68 485.07 64 569.46 100 587.73 98 602.77 12 633.94 10 654.12 3 696.78 21 766.58 14 807.07 96 898.47 48 924.35 76 944.9 50 967.73 94 989.27 97 1063.33 42 1063.94 6 1085.54 1 1157.45 40 1184.01 29 1203.43 86 1227.14 19 1235.69 25 1310.87 99 1354.64 82 1356.25 79 1356.69 69 1494.46 93 1506.98 13 1517.19 23 1526.4 31 1577.79 39 1639.65 75 1722.89 58 1735.14 73 1743.22 78 1754.01 44 1786.99 54 1879.91 17 1939.72 60 1946.45 37 1961.4 61 1961.91 80 1968.1 92 1980.45
36 206.47 70 225.48 29 226.17 100 382.46 44 388.39 30 439.81 46 506.96 89 512.19 43 513.72 14 544.18 10 546.49 64 552.68 68 588.51 71 600.29 38 618.91 95 620.87 53 678.44 78 712.18 11 712.79 59 775.02 42 826.2 4 835.96 5 856.15 67 913.34 75 913.68 51 987.88 9 1005.56 94 1006.06 1 1029.47 82 1082.48 26 1084.88 15 1096.14 90 1119.2 21 1120.93 79 1166.46 96 1299.47 52 1328.55 2 1420.25 77 1430.95 86 1511.59 83 1513.65 93 1545.13 6 1550.47 62 1552.83 63 1565.29 69 1574.86 61 1581.75 92 1653.59 40 1658.64 27 1659.52 74 1685.12 41 1688.13 22 1713.68 23 1796.75
53 106.1 78 232.98 32 235.14 95 245.81 66 289.18 64 359.77 22 438.46 75 551.22 12 613.51 39 720.28 16 722.39 25 804.42 87 827.31 55 836.64 58 872.23 3 903.25 93 982.21 23 1011.34 90 1065.03 84 1079.31 74 1145.0 42 1154.97 65 1247.55 35 1253.88 14 1264.44 60 1278.83 17 1312.68 47 1347.1 99 1496.33 54 1662.03 96 1687.36 73 1708.25 70 1725.01 27 1778.14 94 1840.31 4 1842.01 49 1874.48 44 1889.69 24 1902.42 62 1930.49 30 1959.33
91 125.14 13 184.93 46 195.24 9 252.24 11 260.16 44 266.0 23 297.15 86 348.65 42 352.78 95 404.96 90 518.99 60 563.41 8 655.55 59 667.31 53 671.16 37 747.83 77 794.08 21 821.94 54 892.01 56 956.28 31 974.22 5 996.47 40 1019.48 2 1043.4 83 1126.97 63 1178.21 27 1178.39 64 1197.51 39 1217.81 30 1218.95 10 1320.29 3 1340.42 88 1366.08 4 1387.77 24 1394.76 29 1402.45 62 1436.89 45 1444.02 96 1454.13 22 1459.77 43 1546.93 65 1596.57 82 1613.52 1 1628.69 93 1629.03 18 1728.16 50 1754.14 73 1770.54 32 1832.09 71 1871.6 6 1877.85 51 1884.24 19 1891.52 92 1927.88 25 1980.98
45 116.37 20 121.09 89 162.46 10 198.74 8 235.31 63 327.3 97 341.68 17 354.5 4 377.38 61 484.03 99 518.86 18 548.41 86 603.96 12 614.18 39 618.58 79 632.16 65 632.38 21 649.68 30 664.9 13 670.19 71 703.55 74 761.19 41 814.54 92 836.26 48 884.32 83 887.87 62 941.32 19 1035.85 47 1036.57 64 1096.02 73 1096.93 38 1100.84 16 1119.86 31 1204.5 29 1216.45 68 1222.52 53 1278.62 36 1321.84 54 1471.93 6 1486.06 82 1562.56 75 1563.14 49 1589.83 98 1594.87 2 1624.69 90 1629.12 22 1643.29 11 1664.72 42 1742.34 25 1804.13 32 1815.73 93 1848.98 56 1879.93 37 1903.15 95 1967.47 87 1997.25
13 210.71 43 314.78 50 362.24 71 385.83 12 454.45 16 456.9 29 469.15 76 481.39 40 517.88 75 577.97 77 613.84 91 630.92 99 632.57 61 668.54 47 678.79 36 684.92 65 691.9 18 802.46 69 806.86 4 809.92 89 848.53 74 891.69 49 926.56 35 950.98 41 958.42 24 996.41 15 1009.46 39 1033.46 94 1048.64 97 1063.61 22 1141.67 51 1195.6 10 1212.3 84 1213.59 96 1214.35 45 1304.42 66 1325.26 37 1341.35 72 1342.36 53 1434.88 85 1516.79 17 1596.38 92 1597.68 68 1628.3 82 1648.17 95 1666.36 3 1682.58 93 1691.71 56 1799.36 64 1819.9 98 1822.22 79 1854.49 55 1893.09 28 1917.79 34 1929.89 63 1948.92
99 233.99 27 261.07 70 289.99 47 304.84 3 345.36 5 378.4 6 426.34 24 437.65 89 451.61 43 451.86 29 456.37 40 459.68 71 481.2 73 556.84 78 569.27 2 626.08 41 654.92 94 674.78 91 753.35 55 823.85 9 866.13 86 882.11 26 941.04 77 943.25 33 1038.47 1 1046.05 18 1094.93 49 1116.36 87 1129.76 12 1170.96 32 1182.61 66 1202.24 95 1230.24 84 1254.86 28 1271.04 82 1279.68 96 1304.69 51 1312.41 97 1323.58 80 1375.85 52 1510.82 42 1529.04 36 1549.13 59 1573.57 98 1605.53 31 1608.0 48 1623.94 19 1655.01 46 1689.15 62 1720.71 11 1733.37 60 1740.05 68 1821.21 67 1826.4 14 1838.35 57 1886.45 56 1903.18 88 1934.87 81 1940.5 69 1943.24
81 145.4 4 164.73 43 222.23 58 288.25 77 288.36 27 356.24 2 366.14 47 376.61 40 413.33 95 481.92 53 511.96 31 535.26 83 577.63 69 611.86 9 633.19 48 717.64 7 783.72 28 896.19 87 899.76 36 975.09 46 986.32 74 998.87 3 1055.64 10 1057.51 94 1080.5 97 1117.96 34 1145.03 84 1175.21 86 1193.09 54 1254.84 29 1267.42 55 1305.41 60 1321.88 57 1350.63 35 1391.95 98 1397.1 21 1440.21 67 1502.66 30 1530.46 26 1533.22 70 1546.94 24 1555.79 17 1612.62 59 1653.31 22 1664.88 79 1668.39 25 1708.89 42 1716.1 19 1718.38 37 1775.5 96 1790.53 5 1807.96 64 1808.77 65 1810.23 14 1814.38 20 1839.69 41 1870.12 82 1882.35
24 106.27 27 135.63 10 194.43 15 300.08 42 338.1 25 342.43 47 343.56 82 346.58 74 495.51 49 532.85 81 539.45 73 552.55 55 567.33 51 585.32 8 654.68 5 755.19 60 797.69 54 888.73 96 913.01 38 918.72 19 962.48 18 965.28 37 1004.87 68 1013.92 28 1041.17 11 1072.44 52 1212.86 59 1292.98 79 1320.29 88 1381.76 31 1403.38 99 1523.55 70 1597.73 61 1647.37 91 1651.15 83 1757.48 36 1773.31 16 1773.36 29 1789.71 58 1865.49 2 1918.15 66 1929.66
27 106.76 22 115.58 6 116.63 61 145.1 16 247.74 83 376.65 11 414.46 7 445.91 77 449.22 17 486.84 28 495.0 14 496.85 59 520.23 92 552.49 9 586.13 75 596.3 23 604.19 99 619.34 82 626.8 1 710.43 12 721.84 63 743.0 33 753.62 31 779.21 69 819.7 68 834.65 24 887.64 15 913.48 81 946.19 5 1052.56 62 1087.74 95 1097.7 70 1098.12 49 1137.05 8 1179.34 58 1187.69 98 1213.96 67 1237.55 13 1361.68 44 1413.32 29 1425.07 88 1443.18 25 1474.98 34 1510.46 10 1535.19 38 1578.56 60 1605.71 21 1638.74 96 1665.21 18 1689.26 47 1735.91 4 1752.12 52 1754.89 48 1811.69 87 1835.24 76 1836.69 79 1914.21 74 1941.91 36 1983.31
15 152.19 9 192.56 81 304.63 85 352.22 54 358.1 45 397.67 63 437.51 29 546.0 33 555.26 20 594.98 26 695.95 1 706.04 36 750.3 47 755.09 7 759.7 13 804.91 25 819.52 80 839.82 55 867.78 53 1056.87 86 1072.75 46 1087.03 66 1089.74 60 1134.41 62 1163.93 41 1192.89 24 1355.69 50 1379.05 39 1383.6 74 1444.23 75 1485.47 88 1532.46 77 1577.27 70 1618.12 11 1722.1 84 1725.59 90 1768.53 94 1810.31 8 1879.2 56 1899.61 12 1908.16 87 1919.46
4 110.83 44 112.48 73 149.37 17 150.78 42 154.5 3 190.28 34 207.44 10 345.54 81 450.13 95 450.44 98 464.14 5 492.16 25 524.13 23 576.56 48 659.61 1 664.61 79 693.07 24 771.73 82 830.14 33 853.68 63 913.87 75 982.89 14 993.72 57 998.99 77 1020.76 8 1077.37 83 1083.41 53 1092.9 16 1164.36 67 1211.04 30 1235.3 36 1254.41 62 1271.12 70 1281.1 89 1312.67 51 1313.88 18 1319.28 32 1451.2 74 1536.99 47 1569.55 78 1753.5 37 1857.06 54 1924.69 2 1955.51
44 194.29 16 214.08 81 235.31 94 249.32 93 302.33 64 330.66 22 387.54 23 388.06 33 419.9 8 425.88 45 456.61 77 482.33 15 489.37 63 512.36 82 525.13 2 556.77 73 573.73 26 577.78 36 672.64 35 678.29 97 682.35 14 710.02 61 726.92 34 739.13 98 779.03 5 779.58 49 925.49 43 939.64 50 972.66 11 975.01 47 980.73 60 1070.09 71 1091.96 95 1114.27 65 1211.61 84 1216.32 90 1219.45 37 1237.84 87 1262.12 28 1273.33 89 1281.25 76 1341.03 83 1408.01 57 1450.08 25 1537.93 68 1635.02 51 1648.76 41 1657.56 9 1663.88 6 1731.95 40 1748.52 58 1761.04 19 1780.65 39 1833.83 32 1981.53
1 156.53 89 204.46 33 223.66 19 259.46 54 280.59 81 285.07 39 312.85 91 343.32 14 362.15 66 449.19 79 557.57 75 597.67 35 814.45 29 849.76 11 891.53 96 960.83 51 968.06 37 998.79 84 1035.42 15 1092.75 4 1148.61 7 1217.65 21 1270.65 17 1291.39 36 1312.27 94 1381.66 58 1403.0 98 1490.25 55 1495.06 48 1544.3 53 1594.21 13 1651.95 97 1653.77 28 1673.46 56 1697.2 27 1723.03 72 1824.52 88 1854.79 61 1875.95 25 1936.89 76 1987.22
29 179.87 77 207.47 27 223.82 14 255.89 1 256.74 53 347.83 21 364.97 56 372.07 3 384.21 68 423.68 11 460.68 71 519.25 91 542.81 16 547.92 26 574.81 81 582.95 42 650.26 38 663.78 40 679.33 92 686.18 8 690.7 93 707.67 15 751.99 2 759.08 74 773.48 48 782.63 86 800.86 24 817.91 100 898.91 47 919.26 89 938.86 90 977.59 88 980.81 17 1049.47 57 1062.65 94 1073.83 79 1126.86 49 1134.52 6 1137.71 58 1154.66 82 1161.29 67 1226.02 52 1307.12 65 1337.86 78 1350.56 85 1506.89 62 1591.53 45 1650.31 44 1669.67 43 1737.23 35 1750.52 31 1752.68 76 1808.76 97 1837.86 84 1879.7 33 1960.02 19 1961.05 87 1998.81
54 110.0 100 118.31 32 127.83 5 160.64 45 196.56 46 213.83 17 218.72 90 239.16 86 260.37 11 308.48 1 346.24 97 351.48 61 380.07 36 456.05 4 584.26 9 625.95 85 634.55 39 657.5 48 662.56 98 726.91 22 728.08 24 732.94 12 766.13 84 803.24 93 820.98 20 830.44 56 855.35 51 876.02 7 893.01 21 895.58 29 932.18 57 982.17 81 1013.47 66 1025.64 19 1071.81 94 1102.96 60 1139.7 96 1139.89 2 1152.31 71 1234.52 8 1253.92 23 1254.55 69 1266.01 91 1267.32 74 1715.51 67 1722.53 88 1756.31 55 1758.62 33 1766.08 15 1781.19 95 1915.41 25 1970.42 44 1979.81
80 104.63 89 116.76 58 172.48 62 196.91 69 203.67 37 243.85 82 284.84 100 353.47 65 353.89 43 356.84 25 372.26 76 390.61 78 482.18 34 483.37 21 492.26 22 527.8 97 532.81 39 541.32 53 552.38 2 617.47 41 622.98 79 669.75 87 679.74 52 756.65 50 767.37 59 797.82 68 826.74 56 859.12 93 865.38 12 879.59 73 885.64 17 948.04 83 951.15 18 958.9 33 978.78 8 1030.32 74 1030.91 3 1058.31 92 1062.42 60 1062.95 96 1068.68 16 1113.35 7 1223.67 40 1281.59 66 1300.2 24 1303.55 46 1387.57 81 1463.85 9 1481.42 11 1515.32 94 1611.2 1 1631.97 29 1728.03 19 1732.24 27 1739.51 75 1766.08 13 1840.81 26 1868.65 4 1888.17
48 179.46 22 194.35 37 195.81 78 243.24 41 246.85 42 290.7 17 293.29 12 318.33 47 352.31 44 402.99 67 588.63 4 590.6 8 592.44 92 606.26 75 714.99 19 757.87 65 761.34 74 782.75 55 794.68 50 819.59 25 824.95 30 872.83 58 899.1 59 987.81 99 1027.17 38 1036.26 60 1096.52 7 1114.16 11 1126.73 63 1190.16 71 1361.58 64 1363.78 31 1427.91 84 1436.94 32 1438.33 26 1584.81 13 1632.31 85 1648.9 77 1666.13 40 1672.96 6 1676.94 15 1680.64 95 1739.11 49 1798.38 69 1820.64 76 1831.06 98 1850.09 70 1916.57 45 1993.39
46 112.13 84 177.62 24 179.24 38 249.24 11 254.43 15 257.5 13 272.81 92 302.06 12 303.42 41 332.1 57 348.55 35 353.48 85 451.5 76 513.61 100 588.86 23 609.99 28 659.65 74 683.0 2 698.18 82 738.4 37 749.41 36 753.98 90 861.66 72 890.37 20 891.93 19 974.37 30 984.29 34 984.4 62 1053.22 81 1079.42 5 1107.93 61 1117.56 56 1120.69 93 1180.53 32 1225.68 75 1257.23 64 1288.42 59 1292.13 83 1308.85 21 1336.26 25 1346.45 94 1371.92 47 1465.91 33 1517.41 71 1580.69 91 1692.95 44 1711.14 14 1747.73 60 1764.61 40 1946.25 49 1961.5 48 1982.53
78 100.14 92 142.55 50 215.08 96 232.37 67 299.71 56 344.17 60 395.86 34 426.82 22 520.3 13 575.59 17 586.64 19 599.23 52 599.34 31 737.6 26 744.66 38 753.39 57 843.01 32 864.49 65 984.21 18 1001.86 85 1002.17 73 1047.09 97 1069.79 87 1069.96 100 1097.17 75 1175.68 49 1177.56 12 1179.58 43 1181.26 24 1182.38 70 1200.29 99 1202.97 90 1218.38 51 1310.4 21 1315.57 54 1321.88 4 1328.55 55 1363.92 37 1365.76 81 1396.39 1 1451.04 35 1495.93 28 1507.72 77 1517.25 25 1522.81 29 1585.98 63 1595.2 58 1614.77 33 1669.12 80 1686.18 62 1700.44 40 1724.88 2 1729.7 23 1769.13 39 1779.99 82 1858.97 36 1863.48 8 1893.97 84 1998.49 94 1998.5
3 177.45 48 185.84 13 279.25 71 291.65 78 380.68 63 387.45 50 421.3 35 480.25 58 519.45 8 532.46 43 552.03 68 568.86 15 790.53 47 801.05 30 801.26 7 811.77 72 815.86 11 893.32 86 905.37 6 915.63 55 930.63 26 958.9 17 1008.2 31 1017.82 12 1018.36 52 1023.67 61 1024.73 23 1129.13 32 1137.63 80 1157.01 69 1182.31 77 1237.75 70 1256.16 44 1258.34 97 1299.94 81 1312.62 90 1331.8 99 1346.74 46 1408.76 98 1486.69 76 1493.9 51 1514.82 34 1525.8 21 1542.84 28 1556.14 29 1562.68 1 1839.81 39 1854.68 18 1869.0 22 1873.34 40 1904.14
53 133.28 48 149.79 14 183.96 35 184.21 59 207.91 54 210.53 52 212.3 18 223.51 25 234.9 40 277.43 100 281.62 39 314.95 61 321.54 32 338.85 57 347.48 72 519.3 98 544.43 84 563.8 20 575.68 99 578.4 96 620.65 16 705.35 73 740.93 34 815.29 28 849.83 95 982.52 85 1035.07 47 1056.64 11 1062.49 55 1095.16 45 1096.97 94 1130.93 12 1186.01 22 1187.45 31 1219.7 24 1362.66 9 1371.86 87 1542.51 88 1542.51 65 1558.31 19 1567.02 86 1574.81 56 1578.12 30 1623.45 2 1648.23 68 1670.05 93 1703.9 44 1732.02 51 1844.5
10 207.56 29 248.53 14 272.18 3 277.58 72 282.89 42 375.32 48 393.86 71 406.56 40 471.31 34 598.54 26 622.96 38 666.09 100 728.38 58 737.73 62 812.72 27 815.29 7 888.17 66 898.77 76 971.27 95 983.6 15 1198.01 43 1253.75 45 1255.36 13 1293.69 78 1295.49 90 1359.63 94 1386.75 56 1405.14 65 1415.84 80 1424.81 75 1432.1 98 1537.61 54 1661.0 11 1666.81 46 1707.16 22 1708.34 85 1733.88 39 1794.54 82 1822.65 5 1875.34
2 109.78 12 178.21 43 189.31 34 195.38 73 252.93 82 260.57 7 267.82 90 291.43 54 358.88 57 361.13 79 394.04 68 396.82 41 397.7 27 399.3 84 422.15 18 505.91 24 564.37 19 573.53 91 649.81 65 674.29 22 680.22 29 687.43 87 700.4 70 730.83 99 749.08 23 789.24 83 799.14 14 826.45 53 845.49 51 878.42 67 895.07 58 961.75 46 963.28 100 980.99 81 1055.27 80 1085.56 50 1107.4 52 1144.63 39 1146.47 15 1201.11 9 1226.13 94 1266.47 1 1285.31 76 1353.73 6 1468.09 49 1501.91 11 1523.91 36 1561.43 32 1576.1 42 1582.66 13 1593.69 31 1638.91 38 1646.57 64 1657.28 16 1731.82 3 1758.41 75 1834.39
14 200.72 77 224.5 24 408.04 69 456.45 93 517.55 11 581.17 74 696.37 89 734.69 22 830.45 99 890.28 3 952.15 80 987.34 20 1034.65 27 1036.01 100 1063.46 64 1086.77 87 1094.82 16 1132.72 53 1144.72 83 1274.33 57 1307.36 19 1312.3 75 1313.33 1 1350.8 60 1388.98 28 1425.4 26 1464.63 81 1474.29 49 1487.2 88 1498.31 33 1557.26 17 1658.33 21 1697.46 54 1725.34 82 1754.76 52 1790.48 98 1878.14 34 1907.44 42 1915.7 4 1940.3 37 1943.94 41 1954.0 23 1962.93 6 1997.42
31 164.34 44 186.18 43 202.81 3 238.38 8 272.6 93 313.28 96 372.91 54 443.75 65 512.96 22 527.52 49 547.8 48 590.72 17 593.08 68 667.45 60 691.24 79 716.56 71 732.65 74 780.64 100 781.6 63 830.4 87 835.41 50 844.55 36 877.93 4 916.09 69 930.44 78 1082.83 67 1110.85 33 1116.46 52 1125.06 26 1159.59 39 1170.69 30 1195.82 81 1228.37 12 1234.43 15 1375.99 97 1400.5 55 1433.79 94 1462.05 42 1477.88 16 1506.01 38 1533.18 40 1546.82 7 1580.15 91 1610.13 95 1649.13 46 1684.4 11 1709.85 61 1713.84 83 1760.1 18 1767.58 82 1820.65 90 1874.85 57 1998.16
85 186.28 23 195.56 62 213.76 20 226.78 29 256.23 55 275.3 79 276.51 73 284.68 50 318.28 69 339.38 58 403.92 47 506.21 52 536.81 33 588.69 36 646.39 65 647.33 19 664.27 96 712.6 77 776.06 51 786.89 98 804.34 42 854.51 14 922.33 16 942.26 71 954.39 57 967.73 9 982.98 27 1015.13 4 1039.9 83 1084.19 31 1158.45 80 1173.98 13 1191.39 6 1246.5 45 1248.98 17 1268.42 24 1319.11 10 1403.75 54 1412.58 93 1559.46 90 1607.18 22 1668.68 86 1730.52 49 1815.78 88 1818.51 89 1886.97 46 1916.18 2 1940.25 15 1942.55 1 1957.08 12 1963.3 28 1975.94
64 176.47 7 213.32 60 251.43 75 292.75 87 309.21 51 329.68 16 373.5 71 397.09 83 401.8 92 409.55 95 437.63 44 471.61 100 561.99 78 574.42 42 611.62 25 627.26 49 629.3 73 693.82 39 737.59 40 806.18 38 812.1 96 844.38 85 933.48 13 938.53 72 947.98 57 959.23 81 984.99 27 1026.41 10 1100.34 50 1140.97 18 1143.08 24 1179.73 56 1311.07 63 1337.56 52 1379.31 97 1413.32 32 1451.03 2 1451.06 65 1540.16 19 1673.97 48 1703.07 4 1747.17 37 1817.67 91 1821.28 80 1829.05
96 118.23 71 118.59 86 179.3 40 181.7 29 225.91 81 242.4 56 246.63 16 259.62 55 274.19 32 280.58 22 280.63 47 345.84 99 378.73 64 397.13 34 412.08 44 428.89 13 432.94 7 442.05 3 463.74 69 468.37 35 471.74 52 472.68 36 543.99 28 575.39 54 594.39 5 625.34 50 666.73 11 732.44 87 813.64 20 813.79 62 875.15 92 958.01 45 960.68 37 1014.96 97 1056.97 90 1180.51 39 1222.42 58 1448.46 61 1448.77 30 1476.75 77 1687.84 79 1718.85 4 1722.66 10 1759.68 68 1810.21 74 1812.82 76 1898.41 98 1926.78 88 1967.05 59 1996.68
25 143.08 69 174.15 9 174.29 13 181.03 24 331.18 17 357.21 99 357.84 57 365.69 67 411.3 74 503.88 49 507.66 90 538.38 44 591.59 37 651.71 71 653.41 93 718.58 33 862.78 61 900.12 19 982.04 38 1000.03 27 1012.71 42 1277.23 6 1352.12 8 1396.04 95 1400.12 65 1423.44 3 1427.82 59 1488.24 64 1494.61 63 1550.37 40 1551.15 53 1552.26 94 1576.99 54 1638.58 86 1686.44 75 1814.76 31 1825.68 76 1944.9 7 1950.43 36 1955.99
43 175.82 74 183.95 20 201.18 8 209.44 79 219.68 15 223.37 23 239.42 40 241.7 75 246.23 52 490.91 64 497.05 57 499.06 11 540.94 73 549.3 53 558.31 16 558.61 39 658.71 84 827.94 58 967.95 5 977.5 59 997.81 96 1031.93 70 1038.38 30 1184.03 45 1184.94 27 1223.6 37 1226.78 28 1279.31 51 1314.48 99 1356.37 66 1369.5 38 1409.04 9 1417.22 54 1447.69 86 1656.35 41 1768.12 76 1769.43 91 1812.12 1 1861.29 65 1863.97 22 1888.12 88 1934.93
67 140.06 88 162.35 49 228.62 22 236.6 19 248.23 4 257.63 87 268.85 35 349.64 32 359.48 41 378.15 60 455.59 100 502.77 6 530.8 71 535.4 24 611.23 39 618.42 33 638.81 51 683.64 12 736.32 83 815.38 13 838.47 40 932.54 98 937.43 91 949.62 34 979.83 84 1021.67 68 1033.01 76 1136.89 96 1240.6 69 1261.4 37 1336.72 29 1379.39 64 1397.57 95 1552.03 17 1580.31 31 1704.55 30 1744.78 79 1752.1 23 1752.9 85 1756.86 28 1759.79 75 1760.33 15 1761.83 9 1774.62 61 1828.71 55 1943.98 1 1988.9
54 195.89 43 223.5 79 269.46 74 269.77 85 308.97 6 318.55 24 328.49 94 348.76 38 363.71 21 374.73 72 426.16 93 446.05 37 451.54 8 473.89 1 487.75 86 489.14 53 497.37 33 523.57 15 526.67 57 534.45 49 568.44 23 582.96 64 754.75 81 755.6 92 814.36 96 849.36 4 882.59 78 895.53 26 1044.73 71 1051.87 77 1089.12 39 1110.09 7 1189.76 44 1244.11 59 1286.66 58 1311.15 84 1336.59 47 1369.76 30 1372.7 89 1376.95 76 1434.14 75 1452.97 60 1489.13 82 1540.69 22 1624.28 70 1743.24 56 1788.2 19 1791.69 42 1837.74 88 1897.22 41 1897.59 83 1905.1 63 1949.74 32 1953.67 20 1995.36
44 129.77 73 146.82 57 196.47 91 208.92 93 231.55 83 241.07 37 346.02 59 361.94 74 365.86 5 415.48 100 442.71 12 563.75 30 695.57 76 757.53 41 773.07 64 773.37 45 786.5 35 799.71 17 814.16 61 901.74 21 929.35 87 932.5 14 933.16 79 1066.38 32 1188.91 97 1367.95 24 1393.8 6 1423.3 69 1440.52 54 1446.99 25 1479.73 8 1504.06 53 1526.19 42 1551.41 55 1601.93 78 1740.33 40 1751.69 28 1817.85 36 1820.84 75 1821.97 43 1855.47 62 1864.15 67 1876.98 49 1880.25 80 1917.45 23 1918.64 3 1955.73 4 1987.7
98 115.18 39 141.91 31 146.71 82 153.87 22 203.5 18 231.82 30 254.55 72 254.78 2 310.8 84 315.16 69 329.14 70 379.4 42 388.55 50 414.32 38 445.25 58 493.55 15 572.73 68 573.26 54 578.33 49 590.09 90 677.08 64 678.53 60 697.84 11 739.78 12 779.06 25 807.85 95 815.39 79 827.45 93 831.64 51 843.19 73 848.79 76 917.25 27 1121.59 75 1178.67 6 1269.5 16 1277.13 67 1314.94 87 1328.88 23 1382.63 77 1490.93 14 1496.0 19 1539.28 7 1543.27 78 1552.92 97 1669.68 55 1672.23 20 1700.02 35 1704.76 47 1721.95 26 1733.23 94 1780.14 4 1793.68 43 1818.24 59 1824.99 3 1872.72 100 1914.25 29 1959.92 81 1995.86
26 109.48 65 144.0 64 165.64 32 182.31 2 193.73 13 246.65 19 251.62 42 365.69 34 389.34 21 389.94 66 458.2 79 513.32 53 524.88 54 544.0 51 561.23 99 616.98 3 617.16 94 645.21 49 695.78 67 746.99 46 841.7 78 882.84 11 922.02 27 939.2 59 974.64 92 1193.31 14 1207.89 38 1219.08 93 1225.82 56 1299.79 18 1461.51 10 1595.56 77 1600.17 30 1658.6 52 1695.99 23 1717.5 55 1778.46 83 1804.23 31 1827.23 15 1969.18
83 105.23 6 225.7 62 227.52 16 247.04 82 269.64 61 320.08 38 459.75 87 506.66 33 587.58 88 604.26 79 675.61 74 697.59 30 713.89 80 720.92 32 745.12 65 754.54 70 797.44 92 828.45 55 854.6 78 892.18 68 977.78 89 989.55 20 993.21 22 1057.11 36 1078.56 52 1101.53 11 1157.81 37 1228.72 21 1295.92 27 1339.09 100 1345.47 9 1372.36 95 1387.58 71 1390.02 47 1413.74 59 1430.57 84 1456.95 24 1518.92 15 1523.96 26 1562.4 8 1575.06 50 1602.08 81 1657.91 77 1667.1 3 1674.49 98 1683.7 58 1705.12 90 1772.57 66 1830.95 42 1864.04 44 1898.8 75 1901.7 34 1932.71 29 1953.16 56 1988.13
90 118.13 14 122.39 78 132.2 67 163.61 39 186.64 83 267.82 23 338.15 56 341.45 79 387.31 50 442.17 65 462.13 37 480.52 42 657.99 12 678.01 96 727.66 11 728.42 16 766.19 8 847.1 27 878.18 58 889.67 41 892.49 75 919.61 84 920.58 34 945.78 19 1061.27 45 1111.64 66 1176.31 85 1180.79 93 1225.78 57 1288.58 60 1292.29 3 1309.25 21 1339.11 35 1362.27 33 1369.9 88 1370.19 7 1428.81 43 1484.4 17 1511.7 29 1546.04 71 1548.21 89 1551.36 18 1600.5 48 1608.44 99 1727.04 70 1796.49 49 1810.17 69 1874.28 91 1913.27 22 1932.9 47 1944.02 26 1992.63
14 103.57 46 120.81 82 123.18 58 143.14 74 160.25 17 177.58 43 183.24 37 212.64 10 219.81 28 239.0 92 259.35 30 322.74 67 330.18 29 369.97 4 572.7 6 600.14 95 613.6 23 651.67 55 657.76 99 689.12 22 709.69 81 762.13 54 795.53 15 817.08 19 988.78 62 1007.86 1 1016.59 100 1072.37 7 1095.77 20 1172.21 24 1189.62 87 1220.1 39 1255.87 70 1340.02 94 1362.4 18 1376.04 35 1414.54 91 1415.36 84 1479.15 76 1571.47 5 1575.71 51 1608.88 80 1658.23 49 1726.23 73 1871.94 21 1966.43
75 121.49 63 137.42 10 164.75 35 194.14 3 245.98 40 329.93 84 335.49 32 361.46 69 362.07 21 365.06 4 368.59 48 430.61 22 450.1 77 533.8 87 572.79 54 592.96 68 603.74 81 613.34 26 664.99 97 723.33 70 731.58 86 750.35 71 808.0 36 851.93 100 874.66 2 884.19 7 889.25 18 970.66 27 973.22 91 1005.5 95 1066.53 96 1096.05 52 1102.69 5 1126.1 90 1136.72 85 1199.05 13 1204.55 11 1228.5 66 1243.35 41 1280.38 39 1310.29 14 1323.65 78 1375.27 43 1414.16 23 1421.69 56 1484.02 60 1503.57 28 1512.16 19 1543.53 99 1578.71 42 1584.15 30 1604.41 92 1612.11 8 1719.82 9 1741.65 93 1786.63 49 1916.26
39 114.62 42 122.55 82 134.48 14 154.54 94 170.43 84 266.7 69 269.9 33 286.06 1 322.58 99 352.14 2 383.98 30 395.98 44 436.92 29 440.42 76 463.61 73 527.27 32 602.57 47 613.9 66 662.18 34 680.56 6 711.85 15 733.85 7 805.93 90 900.26 68 958.8 8 977.53 64 996.02 46 1242.51 88 1272.99 43 1317.81 31 1325.74 96 1335.13 86 1366.09 24 1408.67 13 1508.63 60 1560.71 12 1564.52 16 1569.03 61 1649.57 92 1731.78 48 1753.75 17 1761.18 97 1769.01 37 1785.53 26 1874.89 65 1879.38 79 1880.46 27 1914.97 50 1946.23 9 1962.72
3 294.98 91 430.9 60 466.59 64 483.09 11 487.65 57 543.83 85 553.12 80 744.84 19 777.8 83 810.61 49 830.31 94 879.45 65 889.04 24 893.09 82 926.98 43 929.02 9 1016.54 18 1032.91 56 1037.33 15 1039.61 32 1078.14 51 1140.23 50 1168.76 42 1199.51 46 1207.18 99 1236.5 55 1240.81 89 1458.89 81 1484.95 21 1495.09 44 1556.43 25 1561.87 62 1568.2 29 1570.22 7 1604.38 45 1643.93 52 1668.67 86 1710.93 76 1769.57 69 1877.15 27 1908.18 88 1911.33 77 1916.39 4 1964.44 74 1993.93 59 1998.06
49 161.44 23 177.71 48 188.34 20 227.74 6 251.48 62 309.38 63 314.66 58 362.45 75 432.85 61 444.91 69 458.9 51 462.51 41 507.61 12 605.89 7 706.43 45 730.04 46 830.7 64 928.83 59 1111.99 3 1154.94 67 1181.8 17 1288.37 18 1298.75 50 1318.0 92 1324.09 57 1328.72 82 1340.98 36 1351.22 42 1424.32 95 1435.29 89 1447.4 96 1461.42 33 1470.68 30 1486.47 34 1491.08 98 1634.95 19 1685.15 78 1725.56 80 1788.21 84 1875.47
80 109.31 49 134.42 87 160.45 43 167.9 60 188.48 25 241.69 32 249.02 36 267.83 1 268.3 13 286.38 68 338.7 99 369.83 4 443.27 5 467.27 3 480.51 88 513.23 86 525.06 89 552.19 77 564.99 21 578.14 63 602.22 28 611.23 44 621.87 29 642.19 20 666.8 79 672.29 41 677.83 38 696.77 62 759.57 42 776.25 96 800.49 78 821.89 75 896.06 73 952.76 95 1074.46 48 1149.12 69 1167.2 39 1209.59 46 1210.8 27 1270.81 83 1343.95 58 1366.19 9 1393.99 8 1463.22 90 1504.2 19 1542.4 66 1551.68 40 1552.57 24 1674.91 2 1676.27 31 1690.85 45 1745.0 97 1789.58 23 1790.32 56 1855.05 81 1879.29 47 1913.65 71 1943.97
23 150.5 30 173.06 33 286.88 56 315.2 14 355.54 54 359.26 12 375.01 80 388.85 35 393.59 40 491.9 3 516.48 41 560.99 77 576.27 28 577.55 31 594.08 81 627.71 84 649.39 64 680.74 83 703.42 52 713.93 88 872.29 7 894.42 75 951.29 36 970.08 91 1119.12 59 1136.71 87 1139.79 4 1200.55 34 1207.83 43 1220.05 73 1237.45 22 1261.64 86 1272.91 8 1323.31 6 1339.71 10 1357.56 15 1369.57 67 1391.15 97 1426.05 92 1476.68 93 1506.87 57 1511.94 29 1527.25 1 1545.16 72 1549.15 74 1578.05 51 1615.71 18 1643.99 68 1663.79 66 1701.94 50 1767.48 2 1776.38 98 1781.16 78 1822.56 45 1841.51 37 1887.97 90 1985.91 20 1999.02
66 129.76 20 159.23 45 181.35 94 189.1 15 263.71 48 306.4 97 314.39 51 344.68 82 348.86 35 351.21 21 364.85 19 373.95 68 380.87 55 393.0 16 492.55 3 505.47 80 509.76 33 516.35 4 590.8 5 659.48 89 688.89 40 701.59 9 719.5 7 725.82 54 760.16 24 765.02 91 806.31 13 850.53 71 869.18 65 882.41 75 892.72 29 953.49 73 1002.96 41 1090.66 26 1096.05 72 1116.75 87 1154.29 60 1174.54 88 1180.05 92 1217.99 56 1220.75 90 1251.91 43 1436.33 76 1456.81 37 1518.34 57 1592.08 1 1596.04 8 1636.24 17 1685.47 70 1774.2 38 1782.14 67 1815.44 58 1817.73 34 1847.84 2 1854.26 74 1880.46 79 1916.06 83 1929.97
